shield_time11 = 6.6856;
record_t = [0.3798,2.6849,1.3798,2.7849,2.4798,3.1849];
UAV_theta = 3.10785; UAV_v = 70.3368; t1 = 0.379837; delta_t1 = 2.68492;

% FY2-M2 >1.92 | 4.37163           70      11.0153      4.52311
shield_time22 = 3.72;
indv = [4.2,77.1933,10,5];

% FY3-M3 >1.23 | 2.293812      118.7027      24.96271      7.839434
shield_time33 = 1.89;
indv = [2.130565,109.4098,24.76306,7.039];

% FY4-M2 